   
   MFSH123: Student
   Latitude : 31.458089
   Longitude : 73.149198
      
