githubHandle: nstudio592  
latitude: 40.712775
longitude: -74.005973
