githubHandle: dseneko
latitude: 40.336815
longitude: -74.666734
