githubHandle: Niceguy13579
latitude: 53.41853557522949
longitude: -2.9800415039062504
