Latitude: 18.357816
Longitude: -100.668626
