Latitude: 37.665978
Longitude: -77.5063739
