githubHandle: christopherbowen
longitude: 111.970853
latitude: 41.299749
