githubHandle: christopherbowen
longitude: 41.299749
latitude: 111.970853
