githubHandle: christopherbowen
longitude: 42.299749
latitude: 111.970853
