githubHandle: zeus44
latitude: 5.029681
longitude: 7.912795
