harsh4you07-mumbai
longitude: 72.97307
latitiude: 19.21833
