githubHandle:jayanth reddy
latitude:17.357629
longitude:78.453369
