githubHandle: JIAPING
YOUR_LATITUDE:25.016983
YOUR_LONGITUDE:121.462787
