githubHandle: letrung1998vn
latitude: 10.823099
longitude: 10.823099
