
githubHandle : Maxima86
Latitude : 25.756576
Longitude : -80.373949
